0.826926 0.277607
0.406201 0.517485
0.188775 0.734556
0.259021 0.603800
0.003392 0.545275
0.226176 0.539891
0.266590 0.365248
0.161726 0.365929
0.239365 0.671798
0.225096 0.377812
0.893275 0.897554
0.255561 0.313504
0.179125 0.649219
0.464787 0.176678
0.739570 0.006527
0.865446 0.665735
0.913846 0.287921
0.472047 0.583448
0.141553 0.342284
0.459570 0.791002
0.162524 0.380194
0.146151 0.239901
0.731060 0.593510
0.877962 0.366192
0.915358 0.328703
0.637608 0.663692
0.436768 0.377188
0.471782 0.566378
0.918515 0.025027
0.639569 0.864813
0.359857 0.864721
0.719710 0.757483
0.629157 0.013404
0.783309 0.295123
0.278139 0.304606
0.137863 0.414595
0.519660 0.224862
0.079178 0.978613
0.782584 0.851794
0.549631 0.238582
0.859918 0.816867
0.594421 0.920037
0.300132 0.363926
0.031842 0.693666
0.356640 0.903664
0.809297 0.139592
0.506702 0.074570
0.103673 0.438617
0.278547 0.212465
0.342873 0.931290
0.884308 0.303634
0.974693 0.374216
0.946386 0.950619
0.989925 0.192675
0.426185 0.615107
0.918460 0.279647
0.716642 0.418960
0.260333 0.923552
0.743828 0.082274
0.088077 0.260471
0.837880 0.156443
0.862395 0.241377
0.079856 0.570586
0.340104 0.480844
0.808612 0.651266
0.821441 0.510963
0.980609 0.198309
0.883243 0.902633
0.115593 0.903602
0.175187 0.436166
0.632371 0.385134
0.818190 0.004079
0.481457 0.375117
0.437199 0.211198
0.115144 0.148894
0.885078 0.700676
0.000598 0.110428
0.269899 0.079229
0.077863 0.560542
0.984899 0.940913
0.792200 0.065643
0.058514 0.895936
0.588970 0.517553
0.291320 0.699538
0.049326 0.929156
0.327365 0.545644
0.166243 0.245900
0.019303 0.341001
0.612972 0.969849
0.189907 0.307734
0.239797 0.190764
0.166924 0.575728
0.449986 0.697851
0.273940 0.520958
0.552155 0.206132
0.796808 0.481895
0.663765 0.373010
0.813366 0.143317
0.249295 0.203444
0.673582 0.315334
0.916637 0.646253
0.847935 0.055177
0.666590 0.669436
0.323750 0.080258
0.392827 0.868958
0.722360 0.203256
0.063532 0.713347
0.834404 0.083435
0.680920 0.855525
0.326213 0.933153
0.811156 0.553636
0.957161 0.944480
0.204723 0.134284
0.766018 0.108071
0.786071 0.604370
0.333756 0.784926
0.081438 0.971902
0.410934 0.861387
0.974998 0.571438
0.909675 0.568707
0.536047 0.706448
0.503446 0.080731
0.543725 0.218753
0.852246 0.816745
0.250808 0.174259
0.776462 0.971228
0.874386 0.714586
0.539598 0.168264
0.278795 0.265788
0.768220 0.295558
0.324965 0.718201
0.436876 0.511507
0.400351 0.895566
0.776428 0.138489
0.714946 0.616936
0.926140 0.656503
0.051391 0.921444
0.643019 0.293544
0.790986 0.573901
0.406343 0.772545
0.202448 0.798272
0.810948 0.619458
0.176558 0.296427
0.229790 0.063036
0.817367 0.001176
0.344425 0.964070
0.559429 0.685449
0.291501 0.400352
0.770557 0.503573
0.853996 0.503326
0.120907 0.775958
0.337859 0.893391
0.351707 0.845102
0.517874 0.593031
0.460758 0.628686
0.310977 0.610442
0.736872 0.574606
0.640933 0.481016
0.521685 0.083182
0.295170 0.930066
0.054837 0.103336
0.442763 0.477372
0.267297 0.532433
0.881945 0.242602
0.927654 0.253533
0.016199 0.430414
0.117457 0.129190
0.019915 0.974993
0.614280 0.037528
0.647721 0.606021
0.394920 0.084143
0.666051 0.161560
0.136203 0.452541
0.941151 0.318017
0.287176 0.966118
0.804657 0.033401
0.013965 0.326315
0.436023 0.907241
0.077393 0.164444
0.650503 0.349055
0.493501 0.498748
0.662064 0.916975
0.648366 0.923645
0.102495 0.439098
0.391187 0.874684
0.821169 0.562374
0.513387 0.610608
0.764310 0.187319
0.936502 0.133009
0.538287 0.841553
0.877942 0.124408
0.098384 0.421146
0.241230 0.127225
0.372622 0.886004
0.486127 0.608907
0.529679 0.433956
0.274078 0.262633
0.030555 0.397982
0.255708 0.878322
0.565611 0.611952