0.826926 0.277607
0.406201 0.517485
0.188775 0.734556
0.259021 0.603800
0.003392 0.545275
0.226176 0.539891
0.266590 0.365248
0.161726 0.365929
0.239365 0.671798
0.225096 0.377812
0.893275 0.897554
0.255561 0.313504
0.179125 0.649219
0.464787 0.176678
0.739570 0.006527
0.865446 0.665735
0.913846 0.287921
0.472047 0.583448
0.141553 0.342284
0.459570 0.791002
0.162524 0.380194
0.146151 0.239901
0.731060 0.593510
0.877962 0.366192
0.915358 0.328703
0.637608 0.663692
0.436768 0.377188
0.471782 0.566378
0.918515 0.025027
0.639569 0.864813
0.359857 0.864721
0.719710 0.757483
0.629157 0.013404
0.783309 0.295123
0.278139 0.304606
0.137863 0.414595
0.519660 0.224862
0.079178 0.978613
0.782584 0.851794
0.549631 0.238582
0.859918 0.816867
0.594421 0.920037
0.300132 0.363926
0.031842 0.693666
0.356640 0.903664
0.809297 0.139592
0.506702 0.074570
0.103673 0.438617
0.278547 0.212465
0.342873 0.931290
0.884308 0.303634
0.974693 0.374216
0.946386 0.950619
0.989925 0.192675
0.426185 0.615107
0.918460 0.279647
0.716642 0.418960
0.260333 0.923552
0.743828 0.082274
0.088077 0.260471
0.837880 0.156443
0.862395 0.241377
0.079856 0.570586
0.340104 0.480844
0.808612 0.651266
0.821441 0.510963
0.980609 0.198309
0.883243 0.902633
0.115593 0.903602
0.175187 0.436166
0.632371 0.385134
0.818190 0.004079
0.481457 0.375117
0.437199 0.211198
0.115144 0.148894
0.885078 0.700676
0.000598 0.110428
0.269899 0.079229
0.077863 0.560542
0.984899 0.940913
0.792200 0.065643
0.058514 0.895936
0.588970 0.517553
0.291320 0.699538
0.049326 0.929156
0.327365 0.545644
0.166243 0.245900
0.019303 0.341001
0.612972 0.969849
0.189907 0.307734
0.239797 0.190764
0.166924 0.575728
0.449986 0.697851
0.273940 0.520958
0.552155 0.206132
0.796808 0.481895
0.663765 0.373010
0.813366 0.143317
0.249295 0.203444
0.673582 0.315334
0.916637 0.646253
0.847935 0.055177
0.666590 0.669436
0.323750 0.080258
0.392827 0.868958
0.722360 0.203256
0.063532 0.713347
0.834404 0.083435
0.680920 0.855525
0.326213 0.933153
0.811156 0.553636
0.957161 0.944480
0.204723 0.134284
0.766018 0.108071
0.786071 0.604370
0.333756 0.784926
0.081438 0.971902
0.410934 0.861387
0.974998 0.571438
0.909675 0.568707
0.536047 0.706448
0.503446 0.080731
0.543725 0.218753
0.852246 0.816745
0.250808 0.174259
0.776462 0.971228
0.874386 0.714586
0.539598 0.168264
0.278795 0.265788
0.768220 0.295558
0.324965 0.718201
0.436876 0.511507
0.400351 0.895566
0.776428 0.138489
0.714946 0.616936
0.926140 0.656503
0.051391 0.921444
0.643019 0.293544
0.790986 0.573901
0.406343 0.772545
0.202448 0.798272
0.810948 0.619458
0.176558 0.296427
0.229790 0.063036
0.817367 0.001176
0.344425 0.964070
0.559429 0.685449
0.291501 0.400352
0.770557 0.503573
0.853996 0.503326
0.120907 0.775958
0.337859 0.893391
0.351707 0.845102
0.517874 0.593031
0.460758 0.628686
0.310977 0.610442
0.736872 0.574606
0.640933 0.481016
0.521685 0.083182
0.295170 0.930066
0.054837 0.103336
0.442763 0.477372
0.267297 0.532433
0.881945 0.242602
0.927654 0.253533
0.016199 0.430414
0.117457 0.129190
0.019915 0.974993
0.614280 0.037528
0.647721 0.606021
0.394920 0.084143
0.666051 0.161560
0.136203 0.452541
0.941151 0.318017
0.287176 0.966118
0.804657 0.033401
0.013965 0.326315
0.436023 0.907241
0.077393 0.164444
0.650503 0.349055
0.493501 0.498748
0.662064 0.916975
0.648366 0.923645
0.102495 0.439098
0.391187 0.874684
0.821169 0.562374
0.513387 0.610608
0.764310 0.187319
0.936502 0.133009
0.538287 0.841553
0.877942 0.124408
0.098384 0.421146
0.241230 0.127225
0.372622 0.886004
0.486127 0.608907
0.529679 0.433956
0.274078 0.262633
0.030555 0.397982
0.255708 0.878322
0.565611 0.611952
0.469644 0.385309
0.471694 0.272519
0.955715 0.215888
0.248570 0.388235
0.350626 0.968007
0.349456 0.751733
0.430494 0.455797
0.507424 0.996758
0.792177 0.628159
0.477592 0.709079
0.124099 0.508547
0.224409 0.748785
0.807328 0.263123
0.264054 0.911191
0.908959 0.739875
0.083827 0.804544
0.982363 0.337833
0.303621 0.354995
0.472700 0.863416
0.518948 0.662701
0.941071 0.110013
0.570673 0.027726
0.767046 0.257262
0.323517 0.840333
0.466771 0.828109
0.903544 0.687511
0.272699 0.864551
0.744292 0.466047
0.161017 0.187090
0.721832 0.512187
0.084098 0.088273
0.120990 0.758900
0.767900 0.577285
0.168097 0.713991
0.067978 0.340425
0.390079 0.615778
0.542833 0.911398
0.115338 0.467791
0.599620 0.155681
0.018796 0.779895
0.294746 0.064874
0.731658 0.750514
0.630712 0.029735
0.185813 0.313058
0.980580 0.214759
0.543532 0.939420
0.092712 0.392469
0.274952 0.344366
0.981007 0.612214
0.189073 0.266880
0.889630 0.376105
0.998355 0.317988
0.436253 0.573841
0.302703 0.479326
0.984142 0.288495
0.715514 0.212688
0.270960 0.726978
0.222646 0.298010
0.330917 0.951705
0.764572 0.455740
0.786977 0.794117
0.462640 0.529244
0.661092 0.316057
0.872298 0.503903
0.952984 0.451598
0.139273 0.921766
0.371783 0.009770
0.959140 0.314098
0.769868 0.047744
0.796357 0.118902
0.024545 0.734370
0.905769 0.176460
0.340744 0.215585
0.317741 0.303165
0.206686 0.666025
0.097508 0.632404
0.524539 0.665333
0.869965 0.380954
0.759340 0.272943
0.813072 0.450370
0.302031 0.691762
0.066178 0.805014
0.626209 0.209021
0.774006 0.881910
0.233268 0.181644
0.792700 0.382302
0.826874 0.193866
0.421233 0.670757
0.635255 0.156407
0.389664 0.664931
0.308592 0.039374
0.735127 0.537541
0.358824 0.135168
0.127114 0.771832
0.680468 0.233004
0.665506 0.112820
0.293599 0.853289
0.167996 0.738796
0.083928 0.737911
0.487952 0.541054
0.979944 0.121629
0.459416 0.744560
0.703384 0.920095
0.652879 0.228207
0.956825 0.861626
0.243606 0.810585
0.671005 0.762719
0.943732 0.455615
0.724470 0.601389
0.129970 0.822177
0.369499 0.777755
0.010742 0.832784
0.450741 0.967936
0.919644 0.968627
0.386811 0.275109
0.596635 0.811772
0.800140 0.960752
0.623954 0.950003
0.626641 0.899390
0.020703 0.735816
0.514318 0.041803
0.368204 0.548264
0.328696 0.594473
0.737641 0.144845
0.623039 0.327186
0.122167 0.410350
0.002571 0.406013
0.037564 0.310559
0.414467 0.415546
0.448721 0.140906
0.529181 0.782063
0.203596 0.223710
0.543703 0.638442
0.712002 0.052287
0.933629 0.281967
0.693455 0.506250
0.908474 0.767793
0.436514 0.169511
0.583437 0.853661
0.161423 0.971000
0.170877 0.465583
0.758567 0.337813
0.816035 0.089558
0.387121 0.801504
0.054088 0.010964
0.161487 0.530453
0.249411 0.121166
0.427487 0.574706
0.792938 0.089922
0.935966 0.704437
0.279844 0.062589
0.558366 0.599127
0.367267 0.682660
0.056991 0.801809
0.520607 0.163082
0.822118 0.291185
0.396961 0.333856
0.418737 0.744164
0.185559 0.078802
0.247654 0.562321
0.827577 0.340952
0.618837 0.518047
0.671531 0.923916
0.059293 0.439579
0.785457 0.645622
0.733443 0.698885
0.843401 0.011230
0.440869 0.392307
0.231254 0.463589
0.774467 0.011120
0.775786 0.442477
0.671467 0.087631
0.290752 0.937942
0.770425 0.772180
0.955231 0.958448
0.699223 0.547349
0.391913 0.351099
0.662281 0.317969
0.196826 0.709087
0.469566 0.928919
0.587033 0.680591
0.455701 0.757513
0.779135 0.853739
0.574332 0.403182
0.688926 0.533805
0.321122 0.654427
0.551364 0.151691
0.038137 0.851484
0.100045 0.746856
0.583036 0.482854
0.016657 0.953158
0.308434 0.354852
0.463438 0.182740
0.789915 0.955538
0.645439 0.250885
0.765646 0.697876
0.514447 0.513914
0.306154 0.571687
0.922699 0.702507
0.319780 0.359960
0.762060 0.024479
0.117465 0.982272
0.883137 0.783836
0.909946 0.716595
0.878822 0.717105
0.791113 0.020437
0.138064 0.483216
0.973165 0.423308
0.928203 0.259865
0.782405 0.494654
0.647971 0.197119
0.198889 0.204947
0.808344 0.558123
0.528838 0.092299
0.744670 0.737126
0.135627 0.522958
0.541073 0.986649
0.023310 0.991293
0.156913 0.608455
0.466096 0.843305
0.285104 0.567101
0.807806 0.027472
0.043403 0.970188
0.017293 0.477695
0.202325 0.626037
0.578958 0.515328
0.287086 0.937360
0.821894 0.220768
0.556084 0.718614
0.846889 0.069804
0.554647 0.135056
0.797394 0.255893
0.670369 0.853133
0.338751 0.026766
0.875111 0.664690
0.859392 0.052240
0.628800 0.301577
0.088354 0.309837
0.741449 0.892595
0.535420 0.225788
0.842335 0.531305
0.403298 0.841234
0.989108 0.721108
0.395730 0.586902
0.864591 0.043060
0.151018 0.844263
0.955356 0.252290
0.867444 0.847164
0.083694 0.150440
0.055141 0.635141
0.673361 0.004441
0.248471 0.708098
0.169564 0.985999
0.943561 0.751784
0.104902 0.091567
0.987598 0.304438
0.405532 0.269119
0.139649 0.517236
0.665626 0.025955
0.547161 0.224625
0.283206 0.620824
0.437990 0.385378
0.546749 0.054014
0.414704 0.581151
0.989486 0.460686
0.356064 0.666583
0.587110 0.185532
0.080032 0.853433
0.664639 0.770981
0.603270 0.480975
0.699490 0.326514
0.044061 0.475869
0.560332 0.263239
0.958704 0.036935
0.105094 0.175750
0.175874 0.393722
0.476540 0.732373
0.999098 0.582532
0.880105 0.795277
0.984392 0.059493
0.106229 0.633509
0.368318 0.627514
0.568221 0.014877
0.621057 0.592453
0.166715 0.166698
0.529842 0.283524
0.863071 0.080787
0.679945 0.073964
0.446621 0.404657
0.193606 0.820204
0.614433 0.208762
0.111707 0.201267
0.147324 0.248695
0.858639 0.784830
0.662135 0.951649
0.817747 0.772386
0.147799 0.247979
0.162886 0.283144
0.251573 0.541640
0.741043 0.724802
0.071776 0.567302
0.981633 0.269036
0.034733 0.617344
0.520019 0.700552
0.286108 0.638506
0.465924 0.940730
0.910632 0.995842
0.021869 0.360421
0.209261 0.280711
0.462394 0.591136
0.209079 0.399890
0.321748 0.919869
0.558823 0.324519
0.005916 0.510019
0.971665 0.300405
0.944223 0.629351
0.416955 0.025336
0.826468 0.785644
0.333895 0.284412
0.433409 0.171701
0.242673 0.800973
0.061628 0.103550
0.262352 0.608594
0.568177 0.199216
0.209875 0.078687
0.616103 0.890112
0.150812 0.848611
0.788850 0.483110
0.500024 0.286813
0.859694 0.398554
0.029219 0.804332
0.651798 0.397989
0.428385 0.276145
0.605118 0.585050
0.389412 0.071151
0.378327 0.714005
0.532721 0.706216
0.557067 0.872591
0.881522 0.937531
0.814271 0.919343
0.003368 0.181651
0.673939 0.150259
0.384943 0.518939
0.366703 0.545699
0.083578 0.173722
0.133627 0.605574
0.207777 0.288330
0.734161 0.219409
0.319048 0.012293
0.844780 0.237563
0.418673 0.413322
0.496795 0.410873
0.785535 0.483280
0.694946 0.148212
0.564949 0.560243
0.882850 0.104945
0.673468 0.816807
0.976990 0.959955
0.280916 0.075182
0.277883 0.864939
0.858461 0.101199
0.685211 0.956854
0.540304 0.702212
0.293121 0.012901
0.336629 0.407977
0.622550 0.797139
0.556703 0.248945
0.459373 0.898819
0.653622 0.163005
0.510300 0.894740
0.585910 0.859562
0.862895 0.481404
0.706279 0.548948
0.541729 0.817492
0.134114 0.805490
0.289616 0.693126
0.545801 0.974202
0.071015 0.299657
0.325795 0.953868
0.694134 0.312137
0.061366 0.893440
0.378899 0.716418
0.435267 0.323968
0.059885 0.313750
0.673073 0.514944
0.706473 0.118007
0.835762 0.391724
0.966893 0.924130
0.413137 0.179870
0.998497 0.171119
0.869959 0.052524
0.433507 0.848849
0.024236 0.448607
0.047653 0.605272
0.395867 0.402422
0.848529 0.398961
0.953905 0.179384
0.981153 0.011765
0.011970 0.747929
0.060148 0.487255
0.373905 0.134276
0.281095 0.092894
0.215538 0.504534
0.938068 0.717351
0.603459 0.897786
0.779973 0.709078
0.998014 0.894115
0.975263 0.038273
0.565255 0.143127
0.322762 0.321556
0.631369 0.601400
0.745731 0.687180
0.153145 0.531386
0.036968 0.678310
0.649357 0.799620
0.284693 0.392896
0.640422 0.778723
0.402055 0.840869
0.277551 0.205528
0.707606 0.062899
0.507593 0.676742
0.559657 0.899644
0.816082 0.073932
0.634423 0.426426
0.318559 0.101218
0.555981 0.975470
0.728978 0.291892
0.235490 0.356352
0.524098 0.294314
0.457806 0.354985
0.444017 0.982750
0.965497 0.842494
0.321557 0.955458
0.533482 0.857523
0.116995 0.280142
0.301879 0.839004
0.949672 0.926027
0.940342 0.781167
0.864314 0.182143
0.054084 0.458495
0.047408 0.503000
0.609921 0.025622
0.217806 0.645717
0.060110 0.235575
0.955733 0.666735
0.272410 0.239562
0.805685 0.331614
0.336708 0.432422
0.091233 0.758025
0.811719 0.090111
0.513545 0.659870
0.999674 0.609080
0.770466 0.389592
0.392592 0.002103
0.629302 0.086081
0.520626 0.931110
0.113971 0.627169
0.051151 0.964799
0.725995 0.758588
0.136670 0.937275
0.908832 0.725334
0.690284 0.253697
0.286341 0.966750
0.479370 0.739889
0.558708 0.953250
0.671299 0.165091
0.322963 0.040433
0.739422 0.880512
0.500232 0.295461
0.443221 0.111062
0.498189 0.610907
0.933439 0.313634
0.714682 0.062909
0.901164 0.672516
0.497323 0.393275
0.089255 0.240997
0.213839 0.699327
0.415169 0.457962
0.659311 0.900608
0.416152 0.769233
0.628929 0.318155
0.720925 0.865666
0.118696 0.749941
0.776420 0.613452
0.281566 0.755144
0.113765 0.096843
0.962764 0.470277
0.024651 0.319452
0.365590 0.171810
0.637363 0.017545
0.157805 0.972767
0.031181 0.727193
0.118714 0.494876
0.208517 0.716890
0.248374 0.093213
0.456071 0.648210
0.112882 0.226873
0.869441 0.859315
0.083476 0.867055
0.590057 0.979601
0.042254 0.413055
0.608961 0.178473
0.073567 0.447000
0.828853 0.727261
0.637709 0.799777
0.444032 0.710460
0.732294 0.823440
0.597221 0.661011
0.586783 0.469497
0.702970 0.614013
0.506858 0.757827
0.789223 0.574280
0.587946 0.487562
0.701814 0.675342
0.150925 0.589156
0.041048 0.371000
0.918124 0.345923
0.255224 0.845247
0.143990 0.823709
0.402825 0.452359
0.142369 0.238949
0.713313 0.406177
0.911083 0.668219
0.225833 0.126084
0.844589 0.456486
0.465834 0.616899
0.846742 0.916617
0.331507 0.010901
0.508243 0.429320
0.105108 0.932408
0.397158 0.850505
0.778651 0.658821
0.925898 0.212207
0.689122 0.146764
0.704378 0.063519
0.795266 0.867932
0.766571 0.439610
0.796186 0.056488
0.566504 0.369742
0.691386 0.408320
0.179748 0.039319
0.312559 0.492190
0.717763 0.206316
0.819350 0.133810
0.564991 0.239096
0.144460 0.816072
0.682378 0.190408
0.897901 0.702156
0.886045 0.651509
0.295856 0.232972
0.706131 0.740696
0.266516 0.376346
0.158337 0.472104
0.003441 0.512605
0.519534 0.923526
0.886385 0.629690
0.988792 0.076077
0.870214 0.970647
0.936510 0.933887
0.154439 0.527323
0.296853 0.548607
0.189060 0.806331
0.542483 0.871380
0.846832 0.106802
0.595628 0.933991
0.897731 0.144202
0.975804 0.721318
0.758286 0.230434
0.462060 0.238748
0.856657 0.377695
0.556394 0.701125
0.853700 0.632017
0.075029 0.473856
0.390962 0.662182
0.265530 0.382188
0.998441 0.130615
0.950289 0.271251
0.288120 0.655159
0.330667 0.247311
0.583706 0.234055
0.251160 0.859785
0.692638 0.851209
0.919213 0.593939
0.613384 0.604787
0.303858 0.435751
0.589180 0.109421
0.695151 0.943304
0.068792 0.110767
0.196390 0.213179
0.815539 0.220902
0.242431 0.365637
0.617733 0.434012
0.589912 0.689022
0.796862 0.614044
0.609021 0.381627
0.984239 0.459497
0.121454 0.908410
0.442527 0.545211
0.475530 0.350257
0.545438 0.917040
0.026922 0.765119
0.897096 0.372484
0.702317 0.503193
0.971938 0.998835
0.863282 0.622413
0.086729 0.760146
0.258978 0.035875
0.978130 0.925281
0.458833 0.789420
0.252482 0.911532
0.790131 0.915456
0.498825 0.681785
0.470475 0.638185
0.911884 0.177927
0.321391 0.315771
0.858629 0.399164
0.176873 0.396577
0.940210 0.641156
0.859456 0.839459
0.750459 0.100335
0.386440 0.902185
0.712841 0.517524
0.890201 0.937429
0.089609 0.785919
0.589017 0.852372
0.500137 0.480758
0.028686 0.185793
0.059769 0.081439
0.730188 0.335645
0.556211 0.251618
0.324992 0.330452
0.917413 0.918754
0.237108 0.679481
0.593022 0.051824
0.979781 0.259464
0.370947 0.974393
0.174776 0.899788
0.581186 0.769957
0.473490 0.313378
0.601034 0.837442
0.661633 0.287141
0.068915 0.936993
0.363075 0.593661
0.238505 0.129634
0.923416 0.914950
0.460498 0.859125
0.250197 0.179404
0.866246 0.050316
0.614156 0.104729
0.945704 0.505525
0.674757 0.412434
0.861488 0.068930
0.283235 0.133605
0.021552 0.998714
0.937702 0.661016
0.644889 0.737670
0.117406 0.719240
0.797816 0.805179
0.106991 0.222277
0.652831 0.846986
0.336688 0.067305
0.527701 0.973907
0.710632 0.273527
0.599317 0.396561
0.873026 0.516679
0.055076 0.020491
0.870704 0.032619
0.843894 0.104453
0.210641 0.067517
0.119684 0.304456
0.882262 0.537517
0.931997 0.427025
0.516969 0.327350
0.711723 0.997468
0.491029 0.705217
0.624129 0.312343
0.443089 0.660371
0.917219 0.990081
0.373791 0.580184
0.980268 0.159690
0.222560 0.575061
0.945581 0.334680
0.575397 0.932459
0.315926 0.707848
0.947554 0.635317
0.280756 0.072267
0.906261 0.615597
0.096252 0.824809
0.151211 0.430229
0.147385 0.540763
0.554293 0.344576
0.084595 0.421573
0.075115 0.387679
0.733374 0.512464
0.415140 0.803861
0.311925 0.962683
0.250787 0.466892
0.860266 0.758323
0.894665 0.245750
0.683522 0.296164
0.274118 0.015126
0.042851 0.886702
0.187560 0.989180
0.289343 0.775503
0.901636 0.323630
0.129390 0.554255
0.285992 0.479139
0.734465 0.896353
0.847521 0.668044
0.963879 0.396606
0.222211 0.816836
0.056022 0.920591
0.910270 0.868389
0.761754 0.276458
0.299000 0.920803
0.043022 0.210404
0.307913 0.653810
0.140437 0.696819
0.311891 0.729063
0.025479 0.245051
0.350706 0.367214
0.996140 0.476965
0.017046 0.102538
0.449240 0.542961
0.830176 0.794981
0.668323 0.038833
0.348711 0.339839
0.802927 0.961822
0.753460 0.156884
0.083222 0.901471
0.140149 0.463613
0.713396 0.099314
0.301810 0.541385
0.817842 0.231222
0.351959 0.688576
0.276122 0.767147
0.142199 0.321462
0.275832 0.545278
0.061684 0.731419
0.936916 0.761060
0.470913 0.336117
0.416644 0.916286
0.718620 0.872719
0.491373 0.399433
0.418049 0.872738
0.729379 0.275634
0.417725 0.931020
0.018469 0.553174
0.691817 0.735442
0.392731 0.663098
0.196545 0.559250
0.814706 0.139530
0.591559 0.934591
0.812431 0.520488
0.609050 0.523609
0.645206 0.302489
0.768380 0.782606
0.977605 0.376959
0.080292 0.875104
0.878180 0.752414
0.362319 0.431253
0.327442 0.523645
0.795801 0.173876
0.319152 0.987582
0.394935 0.135552
0.069585 0.525259
0.129604 0.176480
0.811367 0.370270
0.546243 0.779471
0.141648 0.666332
0.864799 0.646275
0.918770 0.280057
0.694893 0.448543
0.257271 0.679740
0.710560 0.197071
0.257982 0.816985
0.850494 0.084590
0.728110 0.355167
0.869515 0.330205
0.295662 0.777249
0.357006 0.507687
0.003174 0.875176
0.659369 0.075188
0.677671 0.874054
0.496080 0.340531
0.116917 0.976534
0.442702 0.894090
0.406441 0.426322
0.869284 0.620376
0.487488 0.284446
0.368833 0.759804
0.432956 0.987878
0.188093 0.133680
0.756544 0.417366
0.681673 0.568370
0.479752 0.639783
0.350568 0.758627
0.612036 0.710024
0.597453 0.295488
0.161338 0.918481
